33086003448321
33086005264585
33086000051664
33086005078480
33086003399516
33086005312533
33086005312525
33086003433570
33086004532115
33086005146832
33086003962826
33086005292602
33086000358671
33086004530945
33086003523024
33086003496213
33086000353607
33086004478749
33086005443429
33086000385120
33086003256096
33086003594322
33086005213012
33086002484251
33086000241554
33086004941506
33086000326389
33086004817672
33086000246397
33086000472829
33086003558442
33086000224758
33086000271304
33086000472811
33086000313452
33086005512439
33086000539403
33086003367414
33086000157933
33086003665700
33086005444229
33086004988291
33086000144956
33086000181974
33086004819587
33086000363754
33086004508545
33086000337311
33086005385638
33086005373683
33086003673704
33086005268909
33086005448279
33086005300009
33086005478193
33086005324744
33086004954863
33086000233924
33086000247312
33086005218185
33086005505458
33086005290754
33086005216361
33086005528021
33086005050570
33086005361241
33086005407473
33086005183082
33086005348388
33086002484277
33086005327390
33086005271770
33086005270079
33086005328208
33086004483095
33086005377379
33086005052063
33086005271234
33086005017249
33086005388350
33086001787217
33086005340047
33086004158200
33086004809729
33086005211289
33086005127816
33086004098331
33086005441621
33086005412457
33086000027003
33086005442009
33086005154992
33086005272042
33086005271200
33086005271325
33086004011060
33086000500967
33086004480018
33086003771912
33086004885216
33086000289488
33086000121772
33086004244570
33086000009415
33086000789123
33086000789081
33086005400684
33086005504261
33086003798428
33086005306147
33086004118378
33086003112521
33086000297911
33086005345780
33086005481460
33086003652690
33086003652542
33086005288501
33086000816298
33086000362053
33086001674795
33086004108700
33086005182688
33086005005772
33086004505541
33086003300027
33086003209160
33086005511928
33086004444972
33086000165290
33086005360417
33086005485248
33086005374947
33086005213202
33086000232660
33086005190947
33086005377635
33086005276019