Barcode
33086003448321
33086005264585
33086000051664
33086005078480
33086003399516
33086003126398
33086005312533
33086005312525
33086003433570
33086004532115
33086005146832
33086003962826
33086005292602
33086000358671
33086004530945
33086003523024
33086003496213
33086005443429
33086000385120
33086003256096
33086003594322
33086005213012
33086002484251
33086004941506
33086000241554
33086000326389
33086004817672
33086000246397
33086000472829
33086003558442
33086000224758
33086000271304
33086000472811
33086000313452
33086005512439
33086000539403
33086003367414
33086000157933
33086000353607
33086004478749
33086000111377
33086003665700
33086005444229
33086004988291
33086000144956
33086000181974
33086004819587
33086000363754
33086004508545
33086000337311
33086005385638
33086005373683
33086003673704
33086005268909
33086005448279
33086005300009
33086005478193
33086005324744
33086004954863
33086000233924
33086000247312
33086005218185
33086005505458
33086005290754
33086005216361
33086005528021
33086005050570
33086005361241
33086005407473
33086005183082
33086005348388
33086002484277
33086005327390
33086005271770
33086005270079
33086005328208
33086004483095
33086005377379
33086005052063
33086005271234
33086005017249
33086005388350
33086001787217
33086005340047
33086004158200
33086004809729
33086005211289
33086005127816
33086004098331
33086005441621
33086005412457
33086000027003
33086005442009
33086001140938
33086000541110
33086000126037
33086000272450
33086000543124
33086005154992
33086005272042
33086005271200
33086005271325
33086004011060
33086000500967
33086004480018
33086003771912
33086004885216
33086000289488
33086000121772
33086004244570
33086000009415
33086001198894
33086000317560
33086001154079
33086001162916
33086001141068
33086000013763
33086000270884
33086001163914
33086000277814
33086000396820
33086000292870
33086000113928
33086000274183
33086000385708
33086000151944
33086000789123
33086000112755
33086000058552
33086001731280
33086000370601
33086001706605
33086001709476
33086001709807
33086000537555
33086000542795
33086002484400
33086000213355
33086000015065
33086000276030
33086001104926
33086000789081
33086002484418
33086000542787
33086005400684
33086005504261
33086003798428
33086005306147
33086004118378
33086003112521