MMS ID
9952166918301401
9952166918001401
9952166917601401
9952166917201401
9952166917001401
9952166915801401
9952166914401401
9952166914001401
9952166913801401
9952166913301401
9952166912901401
9952166912701401
9952166912301401
9952166912001401
9952166911801401
9952166910801401
9952166908601401
9952166908501401
9952166907601401
9952166905801401
9952166905301401
9952166905201401
9952166904201401
9952166903501401
9952166893201401
9952166892501401
9952166891601401
9952166890801401
9952166890101401
9952166889701401
9952166877901401
9952166877301401
9952166867001401
9952166862801401
9952166861801401
9952166857201401
9952166856101401
9952166855701401
9952166855501401
9952166855001401
9952166854701401
9952166853501401
9952166850701401
9952166849901401
9952166849701401
9952166849401401
9952166849101401
9952166848801401
9952166848301401
9952166844601401
9952166838001401
9952166829801401
9952166827401401
9952166823101401
9952166821701401
9952166820601401
9952166819101401
9952166818001401
9952166814501401
9952166808301401
9952166807501401
9952166806701401
9952166806301401
9952166803601401
9952166803201401
9952166801101401
9952166800001401
9952166799301401
9952166794101401
9952166791901401
9952166791501401
9952166790001401
9952166789801401
9952166789101401
9952166787101401
9952166786701401
9952166784701401
9952166784101401
9952166782501401
9952166779501401
9952166778301401
9952166776401401
9952166774101401
9952166773601401
9952166773301401
9952166773001401
9952166771101401
9952166770101401
9952166769601401
9952166769001401
9952166768501401
9952166756001401
9952166720101401
9952166711101401
9952166701001401
9952166700801401
9952166699101401
9952166698801401
9952166695601401
9952166694001401
9952166692701401
9952166685601401
9952166683901401
9952166683701401
9952166682301401
9952166681901401
9952166681701401
9952166681301401
9952166679601401
9952166679001401
9952166678201401
9952166677601401
9952166674801401
9952166672101401
9952166671601401
9952166670201401
9952166669701401
9952166667001401
9952166647601401
9952166643901401
9952166624101401
9952166567601401
9952166566601401
9952166566301401
9952166565701401
9952166565101401
9952166564001401
9952166556401401
9952166555101401
9952166548701401
9952166547001401
9952166510601401
9952166406901401
9952166389501401
9952166361001401
9952166308401401
9952166258501401
9952166250701401
9952166246401401
9952166243901401
9952166237801401
9952166144901401
9952166143601401
9952166142301401
9952166142101401
9952166141001401
9952166137001401
9952166123901401
9952166123101401
9952166119201401
9952166111301401
9952166102301401
9952166087901401
9952166086301401
9952166079601401
9952166078001401
9952166075801401
9952166071701401
9952166066901401
9952165871701401
9952165857601401
9952165846001401
9952165809101401
9952165772001401
9952165620201401
9952165562401401
9952165400901401
9952165382501401
9952165314901401
9952165033101401
9952164944601401
9952164943001401
9952164906401401
9952164745101401
9952164513801401
9952164505601401
9952164356401401
9952164200201401
9952164199801401
9952164157501401
9952164150501401
9952164071101401
9952164039201401
9952163999001401
9952163978301401
9952163972601401
9952163945301401
9952163851201401
9952163814601401
9952163807801401
9952163795701401
9952163792701401
9952163790401401
9952163772101401
9952163756801401
9952163747501401
9952163726801401
9952163723601401
9952163708701401
9952163703101401
9952163673201401
9952163609301401
9952163592301401
9952163574801401
9952163534901401
9952163525901401
9952163522101401
9952163473901401
9952163465101401
9952163464601401
9952163445001401
9952163433101401
9952163401601401
9952163392101401
9952163379301401
9952163361601401
9952163358301401
9952163239701401
9952163239301401
9952163213001401
9952163068001401
9952163061401401
9952162922601401
9952162882001401
9952162802101401
9952162737301401
9952162693501401
9952162626701401
9952162544901401
9952162513401401
9952162499201401
9952162491701401
9952162464401401
9952162430101401
9952162389801401
9952162341701401
9952162324801401
9952162303201401
9952162293201401
9952162277101401
9952162225601401
9952162194901401
9952162154301401
9952162122601401
9952162121001401
9952162115401401
9952162060301401
9952162055701401
9952162022001401
9952162008701401
9952162006101401
9952161925801401
9952161878901401
9952161867301401
9952161838201401
9952161835501401
9952161834901401
9952161832101401
9952161810101401
9952161803001401
9952161802601401
9952161780101401
9952161763601401
9952161728301401
9952161715001401
9952161698201401
9952161626301401
9952161540101401
9952161525601401
9952161520101401
9952161519401401
9952161494601401
9952161473101401
9952161471501401
9952161425901401
9952161414001401
9952161392901401
9952160879601401
9952160877301401
9952160873001401
9952160869001401
9952160866601401
9952166851001401
9952166675401401
9952166109201401
9952166083001401
9952164260701401
9952163024901401
9952166892201401
9952166084601401
9952166252801401
9952162651201401
9952172736401401
9952172735901401
9952172676401401
9952172616001401
9952172605501401
9952172600601401
9952172590601401
9952172583801401
9952172527101401
9952172498601401
9952172373001401
9952172282401401
9952172267001401
9952171732301401
9952171664201401
9952171452401401
9952171446601401
9952171179001401
9952171170201401
9952171154901401
9952171064701401
9952171053401401
9952170987501401
9952170958501401
9952170956401401
9952170941201401
9952170891501401
9952170840201401
9952170752101401
9952170649401401
9952170640001401
9952170519201401
9952170389601401
9952170387001401
9952170140201401
9952170139101401
9952170138901401
9952170095001401
9952170072801401
9952170057701401
9952170056801401
9952169885001401
9952169675501401
9952169350301401
9952169137301401
9952169136901401
9952169136201401
9952169102901401
9952168940301401
9952168560801401
9952168532001401
9952168485501401
9952168461501401
9952168375001401
9952168146101401
9952168145701401
9952168143601401
9952168115401401
9952168096701401
9952168080101401
9952168015101401
9952168014201401
9952168014001401
9952168013601401
9952168013401401
9952167974601401
9952167455001401
9952167364701401
9952167351201401
9952167350001401
9952167347201401
9952167346901401
9952167345501401
9952167344601401
9952167344201401
9952167343901401
9952167339901401
9952167338501401
9952167338301401
9952167337701401
9952167335101401
9952167334701401
9952167331901401
9952167326701401
9952167324901401
9952167324601401
9952167324201401
9952167323401401
9952167322801401
9952167306901401
9952167292201401
9952167251701401
9952167249701401
9952167238301401
9952167237501401
9952167236501401
9952167234701401
9952167232101401
9952167224701401
9952167223901401
9952167222301401
9952167222001401
9952167221701401
9952167212501401
9952167212101401
9952167209701401
9952167208201401
9952167196901401
9952167196301401
9952167169701401
9952167169501401
9952167169401401
9952167166601401
9952167166201401
9952167164801401
9952167164201401
9952167163601401
9952167162401401
9952167157301401
9952167145001401
9952167143201401
9952167139001401
9952167138101401
9952167136801401
9952167136501401
9952167136101401
9952167133501401
9952167127201401
9952167126801401
9952167126601401
9952167126301401
9952167125301401
9952167124301401
9952167122501401
9952167122401401
9952167122101401
9952167121801401
9952167120001401
9952167119701401
9952167117301401
9952167115901401
9952167115301401
9952167114401401
9952167114001401
9952167111701401
9952167110101401
9952167107401401
9952167104401401
9952167102801401
9952167101301401
9952167096901401
9952167096501401
9952167095201401
9952167094801401
9952167094001401
9952167091701401
9952167091101401
9952167090801401
9952167090501401
9952167090401401
9952167089301401
9952167088701401
9952167085501401
9952167085101401
9952167084801401
9952167084401401
9952167084101401
9952167081501401
9952167077301401
9952167074901401
9952167074801401
9952167074201401
9952167072701401
9952167071701401
9952167071301401
9952167069701401
9952167063801401
9952167063201401
9952167062301401
9952167062101401
9952167061001401
9952167060701401
9952167059201401
9952167057701401
9952167056401401
9952167054201401
9952167052301401
9952167052001401
9952167047601401
9952167044401401
9952167034201401
9952167023801401
9952167020701401
9952167020501401
9952167017901401
9952167017401401
9952167016601401
9952167016301401
9952167014301401
9952167012501401
9952167010801401
9952167010201401
9952167009701401
9952167005901401
9952167005201401
9952167004501401
9952167004101401
9952167003701401
9952167003401401
9952167003001401
9952167001501401
9952167000801401
9952166998001401
9952166997401401
9952166997001401
9952166994001401
9952166992801401
9952166992401401
9952166991101401
9952166990601401
9952166989001401
9952166988701401
9952166988001401
9952166987401401
9952166987001401
9952166985101401
9952166984001401
9952166983601401
9952166980501401
9952166980101401
9952166979101401
9952166978801401
9952166978301401
9952166977101401
9952166975201401
9952166974901401
9952166974401401
9952166969601401
9952166968601401
9952166967601401
9952166967201401
9952166966101401
9952166965901401
9952166962001401
9952166961601401
9952166960201401
9952166959201401
9952166958801401
9952166958701401
9952166958001401
9952166957401401
9952166956501401
9952166956201401
9952166955001401
9952166954701401
9952166954101401
9952166945901401
9952166945301401
9952166944501401
9952166939101401
9952166938801401
9952166938701401
9952166937501401
9952166936901401
9952166927501401
9952166926701401
9952166926401401
9952166920901401
9952166919401401
9952166918801401
9952172554001401
9952167954601401
9952167716001401
9952167334901401
9952167229501401
9952167076101401
9952167058301401
9952167007301401
9952166956901401
9952170139801401
9952168206401401
9952167082601401
9952166993201401
9952167455801401
9952167073801401
9952167340501401
9952167079401401
9952167339601401
9952167215701401
9952168205201401
9952175610801401
9952175606901401
9952175605301401
9952175604201401
9952175598101401
9952175597901401
9952175594401401
9952175592601401
9952175591301401
9952175590101401
9952175585001401
9952175583201401
9952175582801401
9952175581001401
9952175580901401
9952175580101401
9952175576601401
9952175576001401
9952175574301401
9952175574101401
9952175573101401
9952175544601401
9952175543401401
9952175541701401
9952175540301401
9952175536101401
9952175534301401
9952175532601401
9952175532401401
9952175529901401
9952175529601401
9952175527201401
9952175522101401
9952175515901401
9952175508301401
9952175506501401
9952175505401401
9952175503901401
9952175497301401
9952175497101401
9952175496201401
9952175494801401
9952175480301401
9952175475501401
9952175472001401
9952175466401401
9952175464801401
9952175462501401
9952175461901401
9952175459801401
9952175457301401
9952175455101401
9952175369501401
9952175369201401
9952175368001401
9952175362801401
9952175362701401
9952175360601401
9952175219101401
9952175218601401
9952175218201401
9952175217801401
9952175217201401
9952175139301401
9952175138201401
9952175137201401
9952175135801401
9952175133601401
9952175133201401
9952175133001401
9952175132601401
9952175130201401
9952175049601401
9952175049301401
9952175048701401
9952175035201401
9952175014301401
9952175011901401
9952175009001401
9952175002501401
9952174999601401
9952174999201401
9952174998901401
9952174998201401
9952174997301401
9952174989501401
9952174987601401
9952174987001401
9952174950201401
9952174949501401
9952174948701401
9952174946501401
9952174943901401
9952174942501401
9952174941701401
9952174936301401
9952174935101401
9952174927601401
9952174924101401
9952174922501401
9952174922001401
9952174921401401
9952174918401401
9952174918201401
9952174917001401
9952174901201401
9952174899701401
9952174898601401
9952174860601401
9952174856401401
9952174849901401
9952174849301401
9952174849101401
9952174847701401
9952174847001401
9952174846901401
9952174841301401
9952174830001401
9952174817101401
9952174815801401
9952174815301401
9952174814801401
9952174813901401
9952174809101401
9952174806001401
9952174805201401
9952174804801401
9952174802701401
9952174800001401
9952174798201401
9952174794101401
9952174793501401
9952174792901401
9952174792301401
9952174790401401
9952174789901401
9952174787501401
9952174764801401
9952174762401401
9952174721801401
9952174720501401
9952174719501401
9952174696601401
9952174683801401
9952174680401401
9952174679601401
9952174675501401
9952174675101401
9952174673901401
9952174672101401
9952174671601401
9952174670901401
9952174669601401
9952174666201401
9952174587201401
9952174581801401
9952174575201401
9952174574901401
9952174574701401
9952174573801401
9952174564501401
9952174562901401
9952174559301401
9952174540901401
9952174334401401
9952174050701401
9952174045601401
9952174044701401
9952174044001401
9952174041001401
9952174039301401
9952174039001401
9952174023001401
9952174020101401
9952174018501401
9952173951601401
9952173945601401
9952173943101401
9952173940501401
9952173940001401
9952173938401401
9952173937501401
9952173936301401
9952173932201401
9952173930201401
9952173927401401
9952173912301401
9952173910801401
9952173908001401
9952173893101401
9952173891501401
9952173890601401
9952173889601401
9952173889101401
9952173887701401
9952173886901401
9952173885301401
9952173882401401
9952173881801401
9952173881201401
9952173880901401
9952173880301401
9952173879701401
9952173879401401
9952173878001401
9952173873001401
9952173871901401
9952173861001401
9952173839301401
9952173833301401
9952173832001401
9952173828801401
9952173824101401
9952173823401401
9952173820601401
9952173820001401
9952173819101401
9952173810901401
9952173807601401
9952173806701401
9952173802501401
9952173800601401
9952173791501401
9952173786501401
9952173783801401
9952173779501401
9952173778701401
9952173776101401
9952173769801401
9952173763601401
9952173688601401
9952173687801401
9952173686501401
9952173685801401
9952173684501401
9952173683301401
9952173682001401
9952173681401401
9952173680801401
9952173680101401
9952173679101401
9952173678801401
9952173678501401
9952173677001401
9952173675901401
9952173675301401
9952173674801401
9952173674201401
9952173673701401
9952173673101401
9952173672501401
9952173669801401
9952173664801401
9952173664201401
9952173660101401
9952173658001401
9952173653401401
9952173607101401
9952173574101401
9952173573401401
9952173573101401
9952173565201401
9952173560401401
9952173559501401
9952173555001401
9952173409801401
9952173150501401
9952172986801401
9952172959001401
9952172908901401
9952172886301401
9952172885801401
9952172885301401
9952172821701401
9952172815701401
9952172764701401
9952172744101401
9952172738701401
9952175535401401
9952175502501401
9952175360001401
9952174924401401
9952174819401401
9952174762701401
9952174676401401
9952173660401401
9952173606401401
9952179123901401
9952178468601401
9952176313301401
9952176309101401
9952176308401401
9952176307501401
9952176306801401
9952176305201401
9952176151001401
9952176150001401
9952176149101401
9952176148501401
9952175916001401
9952175915601401
9952175877101401
9952175875401401
9952175872001401
9952175867701401
9952175866401401
9952175865501401
9952175863801401
9952175861601401
9952175860001401
9952175858901401
9952175855601401
9952175752701401
9952175752601401
9952175752001401
9952175746701401
9952175745901401
9952175743801401
9952175743501401
9952175742601401
9952175742401401
9952175742101401
9952175741701401
9952175739801401
9952175737501401
9952175730401401
9952175727501401
9952175727201401
9952175726501401
9952175723201401
9952175722501401
9952175720401401
9952175719201401
9952175716801401
9952175714801401
9952175714101401
9952175709201401
9952175708501401
9952175708101401
9952175706801401
9952175705801401
9952175705101401
9952175702601401
9952175702401401
9952175652401401
9952175650401401
9952175649501401
9952175643201401
9952175638701401
9952175633901401
9952175631101401
9952175627801401
9952175627001401
9952175623401401
9952175620601401
9952175612301401
9952176043501401
9952175712301401
9952175648601401