863049
3090113
3973065
2464689
1919377
1029395461
2818538
3481063
3275545
5126109
1818241
324242
2984699
2968015
207467
873609667
3264423
2318523
4495279
1748318
3543603
3868996
5101226
2982800
1610107
609154
5247435
4883551
1992059
3490554
1031747594
4638232
1273493
138540
5118343
4656564
3167729
3168698
4494250
2088971
186455
3167838
2401671
3017982
3168317
2965610
3730551
3294692
270826897
2598288
2952577
259156
4295485
568019
4004918
3893541
4360504
2913630
3480574
482493
3487816
4804845
3415203
3664022
4114688
1126068588
4494729
1029426402
4055991
3612568
3965991
4036671
1132893206
973445800
647202
1354491
3871118
865976
4114678
5247272
4776618
216904139
820961
178424
48344
202847
315870
3224313
853898465
1132920045
3869138
479007
858248
691572
700864
295662
1111510
585724
39808475
814099
1086141003
2941791
155400
1132920731
1740444
2417646
2655698
984701
3810062
606394430
928043
484363
325693
43373
182837
5171408
98093
332760
106678
33104423
421843
105189
99369
481690
2570099
5429780
1039440535
1697633
2901851
2011723
1938615
330756
545839
337977
1241039
1951378
1810817
1128123
1573717
1655303
331716
2097835
352646
122592
2356222
19341
1080130
1483406
3651961
60105371
332710
361627
484297
1132898627
439194
790251
646233
1306373
784793
259003
122398
499211
959310
1326340
1933618
1741033
755771
2360412
1484212
1007234
338724
258262
2591838
711185
711374
1297261
426979
649353
686146
2938687
252638
690168
349731
951377
614303
1835236
718138
44745
1401715
1483139
1291444
711134
911873
269922
296260
1574865
330273
2661835
15676
191165
684728
329844
1373626
269233
330263
38071
299727
5423720
1655450
7838454
883119
57581
2703086
627810
3356727
700869
855341
544874
6963781
1411504
684236
244847
1192729
2932940
1098040
1234732
1805447
1138886
334374
203925
734853
756317
276890
270813577
1719532
248660
4451334
171197
285847
1259578
274240
294512
336876
132390
1491945
328607
938210907
1300203
270003
635047
1087536
1835096
314847
5804338
290941
2639575
810805905
2571346
692163
2046035
331696
1076935
604965
1015507
2416126
332758
599659
844156
270467
1399264
3455047
185555
758299
758305
758310
16738741
758320
193477
519431
857179
2096208
676285
1487978
171184
1396925
1814638
172038
962866025
232750
5314
2221889
1189647
1140249
1180034
549537
216328144
9633143
1816907
331823
1817935
449993
713103
153844
1831576
269686
568549
269379
1916269
273530
1109108
6417415
964312
1138634
1652296
165669
1074388
1595064
358258
272052
349176
2477084
224778
733038
289018
414392
1014925
2211621
1609943
2922603
1965463
291662
286017
688521
289857
167528
2361611
2671727
418683
964762
1490561
269739
2056585
652056
1118777
1382757
1038088265
176729
1331348
349038
189789
1492133
279763
1700452
1400794
1004932331
551599
1700757
855017
1590942
1457292
2117435
744541
1459563
647036
1398871
1361684
2628534
1736653
657006
1081868
2484840
1378661
860648
1488731
357740
1930626
1844986
851984
369146
1835195
3743746
921145
1108918
1086552918
2728824
2429386
154704489
290872
1027273
956739767
234322
684534
1406397
2034384
758468
1443991
3963846
1064938
276581
545624
279735
635097
1157917
237907
1304223
1240719
1842543
16854618
1646272
851735
4088815
573572
3354344
628338
1575065
2070076
1404160
5987010
664562
287930
192250
674658
663714270
449461
296952
1484750
252705
531704
188702
1259117
1082138
617348
420711
494322
269988
1488108
507030
2275943
1038083614
1579405
1077921224
647653
832039
545626
3652162
226595698
1300979
1132915818
1485351
2698963
1484802
6557926
1490483
372627
652365
792609
193269
291055
276623
1664465
1397187
2747937
627037
1315827
549545
284856
41500763
1214132
2952949
546190
187037
193287
4603684
3600491
787713
1278715
277081
234800
4120432
177511
175196
45791124
276758
271250
269887
282492
390417
2619068
674989
2921182
182592
1809318
1335586
337056
228086
2968107
4740578
303838
1056735
3328299
2237580
2937452
2746960
213520574
271640
193056
4211056
90911
649004
1596178
979892353
802948
479833
1562339
290687
1979916
1106172460
193441
2761624
180705
221277123
1247127
4043091
328597
7134043
23167
1273406
825913
1098793576
81823
1397089
218044
271039
18064
507066
239514
1470797
1490983
271377
222900
274693
1514642
418519
41296202
258875
210545
168563
35646416
940238753
1437047
1076374
2284152
1323661
2317998
106874
1859844
1132899599
547426
1291916
2588986
3186317
964588109
337633
23051942
7365
5101172
724064
926759140
900999
22906441
20611760
22951
269985
202859
1132919573
233926645
252990
131841
185019
1325255
5638976
1965911
267879
328528
609371
350388
1274847
1018766
3477381
1906985
1984407
1534145
1627933
1132901215
1130264226
885645
632583
764528
813613
1486665
2555575
164920
1251528
1078177
976762316
1141667
14509048
1558776
2513562
13109
2079172
743915
1526762
1710762
1321121
1335225
1175563
1084618167
4109387
9905852
1132894699
316743
148451
3403075
8990078
985673249
1019323343
80995
402483
1837820
773717
288828
1497304
2519804
3039083
1399656
1507138
1876636
1130273928
8989835
1709990
483882
2068526
1474231
1710173
806967
1517425
1347498
3368907
973436120
1925849
485878
1264030
3005597
1829382
1470034
1017149
1826477
1345081
1510808
1617320
1007296743
1463215
485973
1709721
16739786
378351
408622
438158
1829109
23134
540004
1263950
594933
1053846
814079
1832453
227666
964112
689142
483907
754215
1463310
1880393
2363088
993046
964585396
855368951
21232430
1159599
235477
1961638
1319282
487246
1649364
4487431
535079
407052
811359534
9890090
1524471
2057074
1718161
363113
956752049
6787161
1833433
1032694702
1383283
11908654
437791
2367951
778235
477338
2791921
3030082
5146539
979575128
1509576
485532
484463
221676
2708538
499974
20281542
1930305
1148174
455866872
2982717
438101
1825399
1525865
2638526
110083
1215138
2717159
363122
919296
1250823
1066655
492166
1367235
917352
603747
1084281158
816045
373059
764670
1864806
106863
373066
1013987
951846
423522
1876274
1853983
945619
961804
631297
390046
1729447
710092
425361
1850028
1653102
1658179
12324
2663085
2503391
1114968
2334369
1262589
1684041
877407
1804378
3412425
339990
1526898
1244714
183672
1683221
859946818
34063923
1950241
13853502
1879883
64221033
960061883
674915
3418392
1648903
1054261
1132899342
3421647
580231
183243
3967985
330427
1076572
1718880
658048
140550
138995
18219
548660
272445
5206379
1132897419
310405
13927087
6406712
309731
2372803
586783
261735
954514144
818092
161211
167372
514712
259006
256124
1206173
933197
480765
1499333
939435
376886
319722
535963
2121036
259273
256549
272508
926099974
908616782
779830
124903
802919
88387
171795
427272
1031774835
183809
294084
265264
480818
940390
241682
105840
166977
483763
129904
303501
8117172
932795
476589
658169
255461
1265492
550319
858803
2086719
117826
3720825
170120
230048
490228
138007
170811
231225
377511
417063
260237
2664724
260223
2316839
11148778
94328
2337281
2043441
979692636
264296
89575
147624
106066
90924
1367037
264278
258867
928920
233659
258891
221806
5545065
3949587
146946
6414009
2695242
1859845
711067
139972
271195
1031639461
476787
700920
2512583
253231
233301
440514
256135
259414
1197857
47781
182763
256909
1994111
263388
224875
2810062
1011728
1880682
229906543
2151026
256910
990828
1223318
279927
2286530
705840
72779
265282
1230709
256385
1029415728
52160
16644702
299243889
