1132894374
650674385
174125233
1132899960
1132906103
650674379
252536706
1132897907
650674388
37714846
174125232
252536319
45702410
45706185
46606033
45692629
45692634
45692636
45692639
45692641
45692664
45706162
904334486
22455942
49057815
1132899567
50665444
20102501
49347551
36427216
849954993
1132907412
4417735
979584275
3728811
4274452
4494136
423314
31140236
74910067
37800327
1132893770
21078475
561281
5109
561297
823574
560969
561283
12179
561538
1132892754
1132919016
1132892985
29688259
1132895457
1132893762
1132918919
1132894209
1132894743
1132897966
1132897823
1132892637
27235804
27706187
33064491
33087268
7596451
3732098
1132895556
8669441
17296099
1132895959
64029951
917480
31237419
1132902714
19351939
1031828688
1132899410
123698
37691363
19821460
30085160
30752065
1132902818
40246480
38567772
20089941
1012023474
1132892996
39677090
1052790829
1132905661
1053000759
43566663
82093244
27355824
28998281
1132901834
40953398
19121804
84013621
31771726
36103193
15565295
29493336
26286551
39247850
32140199
1132899225
34417871
1132898642
2532452
44072402
41604667
1132906124
36427244
20475597
37807207
28100118
650674438
174125236
174125243
650674418
650674414
650674412
650674409
174125235
24328746
174125234
650674407
