Barcode
33086004273108
33086004273231
33086004273223
33086003463106
33086003463114
33086004296646
33086003463122
33086003313434
33086003313442
33086003313509
33086003238250
33086003238318
33086003238375
33086003864857
33086003864915
33086003865086
33086001611011
33086001611029
33086001831395
33086001610013
33086003463668
33086003463676
33086003463684
33086004273025
33086004273033
33086004273041
33086004273058
33086004273066
33086004273074
33086004296653
33086004273082
33086004273090
33086004207338
33086003313491
33086001753250
33086001753268
33086001753276
33086001753284
33086001753292
33086001753318
33086001753300
33086003784063
33086004225421
33086004225520
33086004225439
33086004225447
33086004225454
33086004225488
33086001858208
33086001858265
33086001754613
33086001584788
33086004036745
33086004036851
33086001584762
33086004086872
33086004086492
33086001754878
33086003054020
33086003054046
33086003568557
33086003568540
33086003568532
33086003559747
33086003559739
33086003559721
33086001754811
33086001753185
33086001753177
33086001753169
33086004296638
33086003314705
33086003314697
33086003314689
33086001915347
33086001915404
33086001909894
33086001909548
33086003384088
33086003384070
33086003384062
33086003534211
33086003534203
33086004087052
33086004087060
33086004087078
33086004087086
33086004087151
33086003786860
33086003786803
33086003786746
33086003864972
33086003408309
33086003408291
33086003851235
33086003851227
33086003851292
33086001918705
33086001754639
33086001753243
33086001753235
33086001753227
33086001753219
33086001753607
33086001753599
33086001753581
33086000566141
33086004215547
33086003625571
33086003625563
33086003625555
33086003075462
33086003075454
33086001753532
33086001753524
33086003695665
33086003695657
33086001753508
33086001753490
33086001753482
33086001753474
33086000566133
33086001575703
33086004296620
33086004296612
33086003534096
33086003534088
33086003534070
33086003327681
33086003327673
33086001575794
33086001575695
33086003477908
33086003477890
33086003477882
33086004273165
33086004273173
33086004207296
33086004273181
33086004273199
33086003434586
33086003434594
33086003434602
33086003114600
33086003114535
33086003114543
33086001754902
33086001754910
33086002123172
33086000041566
33086000041574
33086000566349
33086003887387
33086003887320
33086003719986
33086003887262
33086003886959
33086003886892
33086001754704
33086001754712
33086001754928
33086003980612
33086003980562
33086003991619
33086003991635
33086003991627
33086004273215
33086004273207
33086001812098
33086001812106
33086001812114
33086001812122
33086001754480
33086004296679
33086004194296
33086004194288
33086004194262
33086004194205
33086004194270
33086003434685
33086003434677
33086003434693
33086001575877
33086001595537
33086003305018
33086003314994
33086003313673
33086003258076
33086001899004
33086003244621
33086003210937
33086003191319
33086003007697
33086003046166
33086003098969
33086003173465
33086001915230
33086001118967
33086001149202
33086001575968
33086001598309
33086001676501
33086001673268
33086001814698
33086001873314
33086003219425
33086003304698
33086001898949
33086001595966
33086001595958
33086001595941
33086001595933
33086001595925
33086001595917
33086001595909
33086001595891
33086001595461
33086003720158
33086003682622
33086003795960
33086003870979
33086004210159
33086003895968
33086003727500
33086003727443
33086003784147
33086003682739
33086003680246
33086003871159
33086003727690
33086004407284
33086003946720
33086003727641
33086003860814
33086004050977
33086003728656
33086003728706
33086004271524
33086003689452
33086003689577
33086004059135
33086004059184
33086004059192
33086004059234
33086003850732
33086003861341
33086003861283
33086003693256
33086003693843
33086003693900
33086003693785
33086003693728
33086003693660
33086003693603
33086003693546
33086003693488
33086003693421
33086003693363
33086004080842
33086003796026
33086003720133
33086003720091
33086003871431
33086003728011
33086003728078
33086003907490
33086004059150
33086004059259
33086004059200
33086004059242
33086004059143
33086003308558
33086004059721
33086004032959
33086004259214
33086004051108
33086003729035
33086003689007
33086003728730
33086003728797
33086003728847
33086004259321
33086004260006
33086004576344
33086003728854
33086003729084
33086004256673
33086003728292
33086003689478
33086003689536
33086003605060
33086003994605
33086003621521
33086003928207
33086003994241
33086004387890
33086003728599
33086003578465
33086003578408
33086004033049
33086004470126
33086004033015
33086003692951
33086004050712
33086003728144
33086000142018
33086000803981
33086001901602
33086000242966
33086000101675
33086000804062
33086000804047
33086000048322
33086005571930
33086000135129
33086000803932
33086001585629
33086000803866
33086000133223
33086000353896
33086000249466
33086001668458
33086001668649
33086000803890
33086000803973
33086001663897
33086000803916
33086000803700
33086003320900
33086000134411
33086000253237