84294308
24860666
30126230
24486213
1132896646
80555572
30530252
81974013
79029850
80333782
1132894755
77735880
26994613
29643478
1132892918
30766568
12714219
31471848
837452890
34495320
78062508
988456056
33989192
35868263
36883206
850035230
1132919495
31418066
1132918200
1132893515
317307816
42483375
2554382
42368571
31417687
40001740
39340508
1132898538
6550815
32536320
82813909
1132892195
78463365
84062749
1132894408
2244100
1132897983
36102968
27083636
1132896716
225693286
37347772
1069353962
32865537
35850592
36579624
26744691
1132903730
38003982
1052963118
24864481
144599643
30986569
49330094
37948890
38131934
26383069
39537773
42801282
42493743
966918461
43444349
34585638
1132903815
17504544
1552415
174125241
174125240
650674419
174125239
174125238
174125237
650587226
174150854
793509045
27354140
44153784
49783455
42751540
50620877
50744881
46729756
82196200
53293476
53293478
28173912
49215742
38107956
70603693
38209747
