1527472
239572
28063894
32208951
16527547
3284888
1132893842
353791
20346234
2534571
47170995
16503072
33116684
25631028
416655
19751537
37451829
27679626
1320912
970956040
44585924
10384473
55800794
72678093
273820643
190797789
57193062
10421275
879642467
48494251
858716761
783163668
890177815
951950785
941443944
951158153
990183211
982381135
1005899281
159940772
761852122
1080425539
1057556414
1012701770
994322878
1179046109
1085647746
974484628
983824435
1028844506
959265683
1129404557
1290193853
1005200733
60515207
24272917 
1310471523
